,ri
0,0.0
1,0.0
2,1.0454553798621218e-06
3,1.799722235141203e-06
4,9.939910337937027e-06
5,3.382826987072779e-05
6,5.259498311131649e-05
7,6.257247792448865e-05
8,6.902797108426239e-05
9,8.243005819380597e-05
10,0.00010309723908754637
11,0.00012719123178869948
12,0.0001520337432644962
13,0.00017790610786345748
14,0.00020533011451293628
15,0.0002369572635767032
16,0.00026950118394088754
17,0.0002855312627156214
18,0.00027322497991446974
19,0.0002632913091203274
20,0.00028012697981076687
21,0.00034428896736190623
22,0.00039039092945839356
23,0.0004031060099564382
24,0.00038324636871258256
25,0.0003830325709143183
26,0.00041316809531797026
27,0.0004547574290983387
28,0.0004901957730449572
29,0.0005155280943706544
30,0.0005392238660244684
31,0.0005639763967108049
32,0.0005925084376274747
33,0.0006110741945265381
34,0.0006229044148574021
35,0.0006242469925566719
36,0.000608589021602434
37,0.0005683008195498498
38,0.0005189323260504327
39,0.00046277190228390943
40,0.00039495723370479687
41,0.00033188280656389594
42,0.00026928330948969027
43,0.00021267954971670262
44,0.00017306782292220708
45,0.00016316950576822261
46,0.00016196537573217202
47,0.00016059258550505417
48,0.00015993819211701935
49,0.00015599314712953422
50,0.0001480155903010791
51,0.0001361372428175338
52,0.00012089445631645076
53,9.249742055607904e-05
54,6.651971977494325e-05
55,5.295216585246334e-05
56,7.087779764875742e-05
57,8.523327799089991e-05
58,8.073269844900536e-05
59,5.991925630725745e-05
60,4.234874627757186e-05
61,3.890232123993701e-05
62,4.1561793724998817e-05
63,4.261180363210998e-05
64,4.142826069337103e-05
65,3.655029633023938e-05
66,2.2681115386860757e-05
67,5.254239428848072e-07
68,1.561202028126129e-05
69,4.200204959369158e-06
70,2.0005888903020068e-05
71,3.740775233048158e-05
72,3.2643685120683736e-05
73,2.2751754722961007e-05
74,2.0899011086811693e-05
75,2.882653379493572e-05
76,3.94294098161028e-05
77,5.054388313229023e-05
78,6.05341061618421e-05
79,6.637900730453901e-05
80,6.394458870945096e-05
81,5.7713605885926575e-05
82,5.120572773596371e-05
83,4.436832014058288e-05
84,3.970739224999008e-05
85,3.971706297667004e-05
86,4.3961787250874816e-05
87,5.0832646048378135e-05
88,6.481144365951092e-05
89,7.964547775984459e-05
90,8.4113308189844e-05
91,7.228252165718378e-05
92,5.633846025933636e-05
93,5.1798065407129434e-05
94,5.730596324069786e-05
95,6.399794756672963e-05
96,6.473210746382026e-05
97,6.182450270356951e-05
98,6.050425600314377e-05
99,6.295747249786733e-05
100,6.657860476175333e-05
101,6.602748658135466e-05
102,6.148251681863402e-05
103,5.76624665396892e-05
104,5.9051291601676834e-05
105,6.467252038678283e-05
106,7.075006252352325e-05
107,7.511228499448597e-05
108,7.973851603900451e-05
109,9.059505046489196e-05
110,0.00010833073288257982
111,0.0001259228038766666
112,0.00013417807136214684
113,0.0001345840606981305
114,0.00013910346078773245
115,0.0001563094274529199
116,0.00018099036758413846
117,0.00019189237933830075
118,0.0001866547182980469
119,0.00017775613233166656
120,0.00017868352557778166
121,0.00018716617970463616
122,0.00020307250941478146
123,0.00022680911554214106
124,0.0002578544129920088
125,0.0002944951430731454
126,0.0003393399107012374
127,0.0003827000972195598
128,0.0004023599824696982
129,0.00039610435854400095
130,0.00039948820695911416
131,0.0004371200166644082
132,0.0005085373140327052
133,0.0005598340643694341
134,0.0005867907054082157
135,0.0005976042537937319
136,0.0006064182039156085
137,0.0006133063884880771
138,0.0006175454280962476
139,0.0006228973939551285
140,0.0006307127905891374
141,0.0006168985991642106
142,0.0005758188470004679
143,0.0005162437734411154
144,0.0004583376362963917
145,0.0004021473170750264
146,0.0003474603768630662
147,0.00029396563115329167
148,0.00024209022258079435
149,0.00019085285548845615
150,0.00013774738483763994
151,8.587439960883063e-05
152,5.060829424863173e-05
153,3.602141855639745e-05
154,3.129689488004976e-05
155,3.223506860836547e-05
156,4.1623011463209455e-05
157,4.213503907159497e-05
158,2.7654722557415088e-05
159,2.336825788679071e-06
160,9.202575181173028e-06
161,3.1493593384067287e-06
162,9.082728379364217e-06
163,1.968850561853528e-05
164,2.9446909779051786e-05
165,3.523942593155956e-05
166,3.629276510523267e-05
167,3.329712728970085e-05
168,2.815139477308628e-05
169,1.8256137373608775e-05
170,8.520397138592599e-06
171,4.411149100580352e-06
172,8.266738733872245e-06
173,1.3419922466125475e-05
174,1.693559851305617e-05
175,1.8779624906350405e-05
176,3.171117341033054e-05
177,6.101972611845048e-05
178,9.176174323817447e-05
179,0.00011052809410961357
180,0.00011151147338934194
181,0.00011499868760437871
182,0.0001257704729454033
183,0.0001441985748637622
184,0.00016160610936841494
185,0.0001773227614768162
186,0.00019085949137350822
187,0.00020051961875584587
188,0.00019914503933105192
189,0.00021086967435095103
190,0.0002469951155013557
191,0.0003116410923479303
192,0.0003508566817176969
193,0.0003484962996694866
194,0.00033638207251762323
195,0.00035711479693129766
196,0.00043781100933655255
197,0.0004985771449944982
198,0.00051200699864013
199,0.0004689473520352575
200,0.00045113804073598513
201,0.00047280341274844387
202,0.0005083531852085644
203,0.0005243169051327777
204,0.0005124359531209696
205,0.000495133052708264
206,0.00047780705126227135
207,0.00046059814034774335
208,0.00044173093761235607
209,0.0004161599056093594
210,0.0003925710328546775
211,0.0003850806360517166
212,0.00040456545170645426
213,0.00042171706299920167
214,0.0004253921656183063
215,0.0004099561457681988
216,0.00040792846389546545
217,0.00042756955124596835
218,0.0004555068537958562
219,0.0004684771780636508
220,0.00045190150723804974
221,0.00044503687666030517
222,0.0004647520232057576
223,0.0005231398848387315
224,0.0005606170082132898
225,0.0005677914644139427
226,0.0005601678969485036
227,0.0005665179633338155
228,0.0006016831715339225
229,0.0006263369566269928
230,0.0006256989604429775
231,0.0005919861730906129
232,0.0005594617300682197
233,0.0005311287657031117
234,0.00050228440787563
235,0.0004623277735949303
236,0.00039858115168152044
237,0.0003455758308044251
238,0.0003203821156784499
239,0.00033817987646107876
240,0.0003306645667790828
241,0.0002860465063502096
242,0.0002227317152227643
243,0.00017551399586658527
244,0.00014839974689579935
245,0.00012957131765941931
246,0.00011494061794815522
247,0.00010401774731981906
248,0.00010002253685318609
249,0.0001081116354355026
250,0.00011993897946124165
251,0.00011803663201812638
252,9.45435379592983e-05
253,7.242117315304967e-05
254,6.1069483932305e-05
255,6.425547879173633e-05
256,6.463021378856696e-05
257,6.177666997582223e-05
258,5.638588532179033e-05
259,4.863598691157172e-05
260,3.5383467668525755e-05
261,2.632383126321983e-05
262,2.6831283961091638e-05
263,4.0736679171358474e-05
264,4.853010717567283e-05
265,5.0541255955955625e-05
266,4.61428192181047e-05
267,3.0098404213889792e-05
268,7.643309789670797e-06
269,3.250489773638675e-05
270,2.4788337287931394e-05
271,2.7024811735050156e-05
272,5.5655303820052004e-05
273,5.489158818919709e-05
274,3.698421073881414e-05
275,2.0463853299092372e-05
276,1.6381984515139627e-06
277,5.4517668522953075e-06
278,9.740992322878199e-06
279,5.297234528448172e-05
280,8.060482743534008e-05
281,9.10205397907385e-05
282,8.747901549940534e-05
283,7.251101805407874e-05
284,4.227575154199921e-05
285,1.4406628747608617e-05
286,5.438909541906044e-06
287,1.7128847715730934e-05
288,1.850979577832913e-05
289,4.785483226539229e-06
290,1.2217987028237116e-05
291,1.0095837783010125e-05
292,1.5384488692227134e-05
293,3.7349139120533694e-05
294,4.7460031076902536e-05
295,4.6443744148776076e-05
296,3.255909457232387e-05
297,5.968899336075818e-07
298,3.461461092536089e-05
299,5.054678208548704e-05
300,4.6040110212264804e-05
301,3.3326841559968094e-05
302,1.1377947395247596e-05
303,1.862715355704162e-05
304,3.209254429221322e-05
305,2.5966354097138935e-05
306,1.1153457442262897e-05
307,1.6668120254892928e-06
308,2.5949073618317362e-06
309,7.090791958431796e-06
310,1.2108646666959533e-05
311,1.7580731104511503e-05
312,2.721113742216037e-05
313,4.2529274058288466e-05
314,5.745206595220241e-05
315,6.477509350419162e-05
316,6.45478427512484e-05
317,5.979677553469248e-05
318,4.82239052442604e-05
319,3.2663049222115515e-05
320,2.623493758120846e-05
321,2.9883451363961142e-05
322,3.7348572918737444e-05
323,4.042703473302484e-05
324,4.092273308160648e-05
325,4.778102219923303e-05
326,6.750545445414402e-05
327,9.32452598885671e-05
328,0.00010868338600935666
329,0.00011409878911748955
330,0.0001104334025212086
331,8.807173818779253e-05
332,5.384805563063504e-05
333,3.802563702669414e-05
334,6.122498559362732e-05
335,0.00010218146430229034
336,0.000117144320635307
337,0.0001060945528603951
338,9.148389669271829e-05
339,9.507628855342659e-05
340,0.00011120778539390487
341,0.00012198552717782604
342,0.00011638819210852184
343,0.00010768007642640024
344,0.00011855597495371946
345,0.00014773470891399503
346,0.00017822805020480567
347,0.00019898371711526413
348,0.00021187225919560825
349,0.00022064868146242953
350,0.00022642486835513343
351,0.00023105517605258498
352,0.00023277235286025438
353,0.00023207524520871042
354,0.0002343237457819815
355,0.00023919534603692333
356,0.00025085479990603806
357,0.0002774730787513802
358,0.00032994073440275576
359,0.0003832024314531935
360,0.0004125267019231774
361,0.000422696365625997
362,0.0004312702461862635
363,0.0004502993826353785
364,0.0004723196499337272
365,0.0004883716973381556
366,0.000495949289217739
367,0.0005025951394214123
368,0.0005143236699096696
369,0.0005290016587949567
370,0.0005414642132918736
371,0.0005574881770872079
372,0.000565846900964899
373,0.000552924364128708
374,0.0005095415295385356
375,0.00047130456335340876
376,0.0004623225645384047
377,0.00046941775248758263
378,0.0004676899310861437
379,0.00044431893278265913
380,0.00041208823525216076
381,0.0003748779061639959
382,0.0003303282429121098
383,0.0002933015896866487
384,0.00026992787361454214
385,0.0002570143960070912
386,0.0002499391383611413
387,0.00026487984487988864
388,0.00026977930226320594
389,0.0002442071378566168
390,0.00018015309101591465
391,0.00013691300722261295
392,0.00013764675945441025
393,0.00015832805009691325
394,0.00017335119559719466
395,0.00017767761146656247
396,0.00017730851583962255
397,0.00017362378778998163
398,0.00016742571261485538
399,0.0001561177115247094
400,0.00013191423804423323
401,0.00010667678949151571
402,8.977118155520334e-05
403,8.645609268622683e-05
404,8.538008279263184e-05
405,8.651359614065406e-05
406,8.925695708384839e-05
407,8.97692564690961e-05
408,9.27512148492305e-05
409,9.077557824560855e-05
410,7.679913603394818e-05
411,3.585262247689916e-05
412,7.110144735827648e-06
413,3.7485978770651587e-06
414,6.986296019722936e-07
415,6.819026420267343e-06
416,1.8276871683387478e-05
417,2.8172412183763108e-05
418,2.9142247916525162e-05
419,1.477875242175493e-05
420,1.0847685824215621e-05
421,2.3074376506464707e-05
422,4.397297539836872e-05
423,5.4126740154749674e-05
424,5.285582095481331e-05
425,4.55330651796863e-05
426,3.0926281832295845e-05
427,6.550302518152347e-06
428,5.009835026285641e-06
429,1.3422402429993054e-06
430,1.1996676864540164e-05
431,2.859042764589914e-05
432,4.966375641212616e-05
433,6.42348690463528e-05
434,6.616847082862111e-05
435,5.673187991544326e-05
436,4.682914638744806e-05
437,3.575752322320088e-05
438,2.7247351689048572e-05
439,3.068548753238631e-05
440,4.4122815041728534e-05
441,4.8263177000848354e-05
442,2.975075631099181e-05
443,1.1666859788609706e-06
444,1.715027505650825e-05
445,1.7970547452387062e-05
446,1.0523114041725633e-05
447,2.420182017123113e-06
448,1.9043234873841663e-05
449,3.378714097224813e-05
450,4.644070930714816e-05
451,5.554059133613159e-05
452,5.703044944664222e-05
453,5.1840915559069685e-05
454,4.6900193388841604e-05
455,5.168471180752002e-05
456,5.8766945059599696e-05
457,5.5259415524113457e-05
458,3.252978796734993e-05
459,9.453191949843923e-06
460,4.918325491975589e-06
461,1.4337235055460119e-05
462,2.3735971981347824e-05
463,2.530242587085526e-05
464,2.357256614294985e-05
465,2.3952985805814828e-05
466,2.9845312010965692e-05
467,2.9122068484506782e-05
468,4.1489206654719465e-06
469,3.0917449084274334e-05
470,5.159348537410809e-05
471,3.495716301209261e-05
472,1.2079340061985594e-05
473,1.8247551716051145e-08
474,1.8655896225026497e-06
475,1.4025112918066095e-06
476,1.125298439400786e-05
477,2.7236027653123553e-05
478,3.696541283917862e-05
479,3.6452841677068695e-05
480,3.1141370570655594e-05
481,1.6315623399811853e-05
482,8.121179576092092e-06
483,1.6590706880502336e-05
484,1.3413010274596846e-05
485,4.8336987067007603e-05
486,6.506261077632777e-05
487,4.8493757020353526e-05
488,3.0853853298519446e-05
489,8.237572546943774e-06
490,1.5793105204545402e-05
491,2.1688183150426042e-05
492,4.938783495277723e-06
493,3.2912698918118414e-05
494,4.630912400969948e-05
495,3.5700291545635846e-05
496,3.24725562897849e-05
497,4.247260858251968e-05
498,5.729255558216264e-05
499,5.4536466422588595e-05
500,2.3611271697741553e-05
501,2.8232678702956046e-06
502,1.3400293382253054e-05
503,5.980452117526518e-05
504,8.471103610211004e-05
505,8.392007484081953e-05
506,7.044954525814517e-05
507,5.789800648692953e-05
508,4.565443619673062e-05
509,4.3884240252860306e-05
510,6.036601217257117e-05
511,8.954393080226013e-05
512,0.00010877184937800287
513,0.0001175178326362577
514,0.00011946554416728858
515,0.00011362990608597833
516,0.00010229617678621076
517,9.695956632004411e-05
518,0.00010059204526792698
519,0.0001108331636374335
520,0.00012736140940058065
521,0.0001490777848708456
522,0.00016657142734467217
523,0.00017126775417156657
524,0.00016825676096332042
525,0.00016709477898898268
526,0.00017076650704538166
527,0.00017130451199217915
528,0.00015587109667033442
529,0.00013138370696114623
530,0.00011350133298208571
531,0.00011505397154776464
532,0.0001226216662199497
533,0.00012514690358315637
534,0.00012189733558604202
535,0.00012348009608728147
536,0.00014372733643277857
537,0.00016891226410687587
538,0.00018361829130511317
539,0.00016505914764303
540,0.00015115155556979373
541,0.00016135174887346723
542,0.00019343863114771795
543,0.00022130307485046435
544,0.0002335032061388549
545,0.00024250604117996094
546,0.00025597054637552317
547,0.0002867465582510941
548,0.0003070104675774728
549,0.0003072620876557267
550,0.0002951569197326033
551,0.0002934451784621779
552,0.0003102937585535719
553,0.000328662930188977
554,0.00034299327117136595
555,0.0003532847815007388
556,0.0003588036636491545
557,0.00035482235909863746
558,0.0003495535116634461
559,0.0003558831947840929
560,0.00037865447214498866
561,0.00039988953079229673
562,0.00041314023818959467
563,0.00041847363262955865
564,0.00043318174345040615
565,0.00046287630989513807
566,0.0004907454417487574
567,0.0004943476175765048
568,0.00047272618282343524
569,0.00047146830891288454
570,0.0005048633438171931
571,0.0005569973933702177
572,0.0005870020119185765
573,0.0005954653698882148
574,0.0006057018454029921
575,0.0006371690764314258
576,0.0006821934432692887
577,0.0007199353226037738
578,0.0007480399944046333
579,0.0007699139551588308
580,0.0007846705328534375
581,0.0007967965370026629
582,0.0008172543138240778
583,0.0008657284349661373
584,0.0009167599763815026
585,0.0009433728196896005
586,0.0009450909024201439
587,0.0009371978228996895
588,0.000915972502923277
589,0.000893800493543533
590,0.0008871788767767393
591,0.0009118507803272896
592,0.0009464022257802609
593,0.0009847798364915764
594,0.001024690268705702
595,0.0010592645887112415
596,0.0010889587021945366
597,0.0011114450668115589
598,0.0011242235619107837
599,0.0011196022228497846
600,0.0011205119958960005
601,0.001137781377162368
602,0.0011599035607840417
603,0.0011695690784074798
604,0.0011498421548646652
605,0.0011385595649111352
606,0.001146763828938809
607,0.0011761562701050614
608,0.001202399496880567
609,0.0012286076191447052
610,0.0012467949267631544
611,0.0012501475208391147
612,0.0012366886776615147
613,0.0012198729372743034
614,0.0011989474777691852
615,0.0011766851025827598
616,0.001163170998109846
617,0.001159761557373542
618,0.0011613709293592054
619,0.0011694094095009372
620,0.0011834441931456831
621,0.0011794751185539652
622,0.0011522503243444793
623,0.0011229425869669458
624,0.0011289717301741426
625,0.0011619855980292153
626,0.0011791281500932228
627,0.0011462200487336897
628,0.0010934088218323493
629,0.0010808758318319788
630,0.0011079402776927665
631,0.001131331659260916
632,0.0011089295454711756
633,0.0010635400917150906
634,0.0010290208065241466
635,0.0010209956887448062
636,0.0010134622606053302
637,0.0009828456911555837
638,0.0009386393726729441
639,0.0009025091301313072
640,0.000889920652354904
641,0.0008821460222502253
642,0.0008701384675167755
643,0.0008532187724797725
644,0.0008333208559944903
645,0.0008083133080191223
646,0.0007816617365081607
647,0.0007567950595397001
648,0.0007357878404952034
649,0.0007151944017234067
650,0.000693545789284117
651,0.000671349772948212
652,0.0006523072741367054
653,0.0006365865680234431
654,0.0006238055816363148
655,0.0006162433904455893
656,0.0006226595892007031
657,0.0006084936732199454
658,0.0005642155603495413
659,0.000507021252103064
660,0.00047184789059709104
661,0.00046369571713467215
662,0.00045364087915613217
663,0.0004281192199497686
664,0.0003911562078062061
665,0.00036862975610200917
666,0.0003617712405036641
667,0.00035547983262444385
668,0.0003296426857772094
669,0.0002912843259269664
670,0.00027308750611834004
671,0.00029014580735506535
672,0.0003181327091823048
673,0.00032732125841258115
674,0.0003221636130101735
675,0.00031310053409794634
676,0.00030953912479952884
677,0.0003036805215733627
678,0.00028276910387279154
679,0.0002424242816405823
680,0.00020888891928309098
681,0.0002070435090926067
682,0.0002192124313379879
683,0.00022437764119639353
684,0.00020274060192181922
685,0.00018333380887460492
686,0.00018127138485965366
687,0.00019469489704516734
688,0.0002016037819553069
689,0.00019386273894118165
690,0.00018101317419249143
691,0.00016816442477438784
692,0.000158107140804088
693,0.00014254019245061548
694,0.00010984314847265306
695,7.686852972609667e-05
696,7.456778005106751e-05
697,0.00012552372220259723
698,0.0001614587383648868
699,0.00015863769453524685
700,0.00011996760662406008
701,0.00010425052420229367
702,0.00011559473955932783
703,0.00012922808613053207
704,0.00012764559740615483
705,0.00011372305760549753
706,9.115626968533573e-05
707,5.586984900468736e-05
708,2.0921267347018718e-05
709,9.67298242791974e-06
710,2.0005888903020068e-05
711,3.815475368431117e-05
712,6.207596424532041e-05
713,8.74449980954866e-05
714,0.00010817661275364034
715,0.00012422739186604512
716,0.00013331730874341453
717,0.0001329274901307318
718,0.0001247192173943404
719,0.00011010385042771878
720,7.93616974195637e-05
721,5.495917003559759e-05
722,5.535175171304603e-05
723,7.234500768741802e-05
724,8.237461571391709e-05
725,6.834343311259518e-05
726,5.338580848417589e-05
727,4.870855133377923e-05
728,5.886453560120148e-05
729,6.86807308466577e-05
730,8.232431434633816e-05
731,9.009547929602394e-05
732,8.374865158498666e-05
733,5.251218176063278e-05
734,2.5069082786584384e-05
735,3.1406511547803917e-06
736,1.2187715615402363e-05
737,1.2783774364773048e-05
738,7.473145766632769e-06
739,2.5530514602456928e-05
740,2.5425721974006832e-05
741,6.95725892680401e-06
742,1.3809457977910093e-06
743,2.726227676839774e-06
744,1.1824990891073814e-05
745,1.9820657117780216e-05
746,2.5651047640842794e-05
747,2.182420294034296e-05
748,2.6079005606520993e-06
749,3.0758754044821164e-05
750,3.3640902372312475e-05
751,1.4271990490074548e-05
752,8.36834024899867e-06
753,3.022600345069287e-05
754,4.502436683786274e-05
755,4.256050574936966e-05
756,1.640741150540566e-05
757,7.010341477606113e-06
758,1.745134493483946e-05
759,1.576739284857406e-05
760,3.249300749866548e-06
761,3.768947169622412e-05
762,7.131128174396702e-05
763,8.466071208645928e-05
764,7.861496784259631e-05
765,7.097013383769e-05
766,6.001048274066937e-05
767,5.0283022640721566e-05
768,4.365449821201358e-05
769,3.9560043894533774e-05
770,4.0655395241488704e-05
771,5.0614794245252676e-05
772,6.236900764698795e-05
773,6.515053059124959e-05
774,5.790575212750224e-05
775,4.6405876572642814e-05
776,2.851770468718869e-05
777,8.519015606209746e-06
778,8.96689028627286e-06
779,3.12522328823615e-05
780,4.8363530607215844e-05
781,3.192377086078679e-05
782,5.007348267996508e-06
783,2.6017085778083006e-05
784,2.5196817911818563e-05
785,1.4311524964295964e-05
786,4.210020633708962e-06
787,2.3460594075723293e-05
788,2.919782628484514e-05
789,9.18972013559095e-06
790,4.239105287578772e-05
791,2.7407971814608993e-05
792,2.7999335618685167e-05
793,6.912526720093012e-05
794,6.565619409144525e-05
795,4.7534679121720234e-05
796,3.209988226749263e-05
797,2.1016923743284515e-05
798,1.3561196608711602e-05
799,1.4528826419275461e-05
800,1.7241784590818302e-05
801,1.199474271920417e-05
802,1.2796214950640272e-05
803,2.503646956312034e-05
804,1.3333388713200875e-05
805,1.737946448440183e-05
806,3.59128889960921e-05
807,4.0376982494236265e-05
808,3.8910338657371926e-05
809,3.599279139357901e-05
810,3.160253060966594e-05
811,2.4421053506739433e-05
812,1.34359573009953e-05
813,3.1406511547803917e-06
814,1.1492673468011113e-06
815,2.737019483076314e-07
816,3.6158960296742686e-06
817,1.745576810327177e-05
818,2.6662080216300053e-05
819,1.7364820241143596e-06
820,4.749819307796984e-05
821,7.823151333810342e-05
822,4.677827881807288e-05
823,2.1702515303254181e-07
824,2.747765993169154e-05
825,2.7537088472226023e-05
826,2.2448186762304734e-05
827,1.1522537215552568e-05
828,2.352446163834038e-06
829,2.883536654295723e-06
830,3.339152445317178e-05
831,5.04071567225316e-05
832,4.1538692691711785e-05
833,1.4838468592801908e-05
834,2.5918657257822766e-06
835,1.131270056505484e-05
836,2.2173655894567397e-05
837,2.607209794460673e-05
838,2.2503203458442833e-05
839,2.557721492661169e-05
840,3.71329406266533e-05
841,4.942017639937907e-05
842,5.557623940122355e-05
843,5.561716446705656e-05
844,4.802652729808738e-05
845,2.9684397460471215e-05
846,8.712541115361082e-06
847,9.381864112359434e-06
848,2.1989807906517577e-05
849,2.0210197159179202e-05
850,2.0919054630398974e-05
851,6.539132489115913e-05
852,7.47682154869403e-05
853,4.7301902239245615e-05
854,2.4116097219278754e-05
855,2.9140594607280106e-05
856,4.2669986528692715e-05
857,5.020506797741376e-05
858,3.9805820770250324e-05
859,3.8504485209819354e-05
860,5.9452026584991295e-05
861,8.991246022740384e-05
862,0.00010589907735225748
863,9.757828899491512e-05
864,9.236193979027217e-05
865,9.647906482767385e-05
866,0.00010948125493256141
867,0.000131187416122422
868,0.00016755729791230405
869,0.00018940777261599305
870,0.00016440504867992924
871,0.00010107891086848709
872,7.7247839633441e-05
873,0.00010399811144152508
874,0.00014417384316930195
875,0.0001472312649248407
876,0.00012595557563663362
877,0.00011651730876613887
878,0.00014035859428158934
879,0.00017423478747235178
880,0.00019967930734599417
881,0.00021689288376332323
882,0.00022651310524306116
883,0.00021932413162835228
884,0.00021209676953185759
885,0.00021318050241795347
886,0.00022240479030560914
887,0.00024522788645489776
888,0.0002972355597669992
889,0.0003550685436396473
890,0.0003988185034745087
891,0.0004215424463652379
892,0.0004406549277187611
893,0.00044999136885821807
894,0.00045974498748115267
895,0.0005011821262186889
896,0.0005830082509285419
897,0.0006549537013323817
898,0.0006879417503855452
899,0.0006937824616349498
900,0.0007321602988269838
901,0.0008036579968503484
902,0.0008866921697126821
903,0.0009707910284326858
904,0.0010519506203879923
905,0.0011146443334410943
906,0.0011541235463671951
907,0.001187912431240976
908,0.0012259496414323856
909,0.0012692763088043698
910,0.001319693181549725
911,0.0013793339345174428
912,0.0014522383042834125
913,0.0015469176627295957
914,0.001656849138682464
915,0.0017515518246426522
916,0.0018241961945437842
917,0.0018810054855688107
918,0.0019220634955835773
919,0.0019443193028291664
920,0.0019650259819602132
921,0.001986987817233189
922,0.002001970422684859
923,0.0020083598967151894
924,0.00200970994827817
925,0.0019745014822608294
926,0.00188602543069437
927,0.001778587280971472
928,0.0017132944751928605
929,0.001684936371467999
930,0.0016640831593120824
931,0.0016280740839548433
932,0.001596627462671793
933,0.001601652163892441
934,0.0016392189736315252
935,0.0016802690568211447
936,0.0017029563098354765
937,0.001725121298312947
938,0.0017663892559537635
939,0.0018429227527529827
940,0.0018916265253436015
941,0.0018886347150522122
942,0.0018583171001508862
943,0.0018250266993385246
944,0.0018010763633571163
945,0.0017496912855401723
946,0.0016616165578068956
947,0.0015450435347840056
948,0.0014199731816837023
949,0.0012820726958803561
950,0.0011513813178275934
951,0.0010396907661341334
952,0.0009438149100521132
953,0.0008515516479108916
954,0.0007626552481308958
955,0.0006833627632189058
956,0.0006297867109311896
957,0.0005872941720454419
958,0.0005214005129206491
959,0.0004200343112607443
960,0.0003286040452021669
961,0.00028693000763307935
962,0.00027558853269273905
963,0.0002668586069174259
964,0.00024603053412126284
965,0.00023223446115381612
966,0.0002375995628943701
967,0.00025637436149660925
968,0.00026459266732883023
969,0.0002561259121484144
970,0.0002454179037777195
971,0.000234673884972783
972,0.00022356206148100202
973,0.0002162163858571628
974,0.00021108877179802827
975,0.000213751120588215
976,0.0002380366706810757
977,0.0002809085647703114
978,0.0002921580885389406
979,0.0002588572696135282
980,0.00021912976587573532
981,0.00022722719894849265
982,0.00026957116648290415
983,0.00030898628536566954
984,0.00032732193785473657
985,0.0003431860062628097
986,0.00037544206963378016
987,0.00041777335424795565
988,0.00045141049704034103
989,0.0004422602230514913
990,0.00044579513410584424
991,0.0004923496046778951
992,0.0005891834741991714
993,0.0006863969254046545
994,0.0007743819667734051
995,0.0008688969002179568
996,0.000981322155362232
997,0.0011174225724149376
998,0.0012480691072854371
999,0.0013687457344468343
1000,0.0014898089641947117
1001,0.001629296626873308
1002,0.0017869129386642623
1003,0.0019467571412831036
1004,0.002104684411100559
1005,0.0022615349915822633
1006,0.0024143954347654296
1007,0.0025661375161606407
1008,0.002735531504755767
1009,0.0029302007415355283
1010,0.0031471896531234957
1011,0.0034002320302895283
1012,0.003687928222193294
1013,0.003955084877736267
1014,0.004172393127137319
1015,0.004370937449010621
1016,0.004568399193049491
1017,0.004773083407201337
1018,0.0049699245940715165
1019,0.005196020295350381
1020,0.005380205739670762
1021,0.00543941006429393
1022,0.005365763064251997
1023,0.005192756708196791
1024,0.004913451626913461
1025,0.004558812264235373
1026,0.004177765249780147
1027,0.0037738278291060937
1028,0.003374102949796147
1029,0.0029791001934669314
1030,0.0026008683343426643
1031,0.002256553095217412
1032,0.0019464011135936212
1033,0.0016799422451443484
1034,0.0014746725783351799
1035,0.0013088744241076832
1036,0.0011747122290439033
1037,0.0010801001353711152
1038,0.0009823678168395479
1039,0.0008574152337128648
1040,0.0007372785365843724
1041,0.0006495120491089746
1042,0.000612084977973205
1043,0.0005664208031055788
1044,0.0005038190412241881
1045,0.00043606348411260416
1046,0.0003854971340930387
1047,0.00035309838786941306
1048,0.00032781974247400033
1049,0.0003046595977194396
1050,0.000287058875161906
1051,0.00028953702718373647
1052,0.0003070879239831999
1053,0.00031084773039102365
1054,0.00026356399190540175
1055,0.000207750989561058
1056,0.0001865485667852858
1057,0.00020332836468247122
1058,0.0002148752349864195
1059,0.00020112355223979883
1060,0.00017797038309136785
1061,0.0001555769435131462
1062,0.0001321124539690647
1063,0.00011594888745884678
1064,0.0001123056280287633
1065,0.00011142618075075474
1066,9.932998146408397e-05
1067,7.203756011205383e-05
1068,5.527905140240743e-05
1069,5.5688777670246354e-05
1070,6.610129664751391e-05
1071,7.487769626626334e-05
1072,8.141943328364201e-05
1073,8.32031954225505e-05
1074,7.30450142921588e-05
1075,6.114537762107445e-05
1076,6.126840194736383e-05
1077,7.170746446483962e-05
1078,8.29228575891908e-05
1079,9.402571244451919e-05
1080,0.00010054477874197597
1081,9.914143626593246e-05
1082,8.882152525445967e-05
1083,7.44433741923953e-05
1084,4.58189291425774e-05
1085,2.2075510475205283e-05
1086,1.9409827888842198e-05
1087,5.146520669514952e-05
1088,6.207209142503405e-05
1089,4.249056850349676e-05
1090,1.297066625367951e-05
1091,6.460996641233303e-07
1092,1.0234754261316662e-06
1093,1.4659870427806929e-05
1094,4.7695865449076915e-05
1095,7.842116829177558e-05
1096,6.360978226329194e-05
1097,1.9480050500420404e-05
1098,8.54223893908477e-06
1099,2.4883844206922977e-05
1100,6.128719984699935e-05
1101,5.98125385927001e-05
1102,2.459356387002112e-05
1103,3.455821722645431e-06
1104,1.2632272352939448e-05
1105,1.3463051189349491e-05
1106,9.103738995619492e-06
1107,1.4602910527104099e-06
1108,8.86985009281703e-06
1109,1.1376839904534129e-05
1110,1.4194855686967712e-05
1111,2.4222271380111704e-05
1112,4.097885500365085e-05
1113,4.838731108265838e-05
1114,4.457373815226266e-05
1115,3.346091814532028e-05
1116,1.4546797664288462e-05
1117,7.841396620492727e-06
1118,2.4502609213471394e-05
1119,3.226962956600862e-05
1120,3.3803742008914206e-05
1121,3.036064623784131e-05
1122,2.2032936629741592e-05
1123,8.94919534773643e-06
1124,2.4288335805698246e-05
1125,4.54269136669252e-05
1126,3.858549736282692e-05
1127,1.0528921007347983e-05
1128,3.417945087283438e-06
1129,1.916459456685006e-06
1130,1.01673037737329e-05
1131,1.4333364499980949e-05
1132,1.443427524891595e-05
1133,1.3802826622472404e-05
1134,1.2778522276911027e-05
1135,1.3324266069859683e-05
1136,2.1989807906517577e-05
1137,3.1992054797414634e-05
1138,2.6576379912419535e-05
1139,1.4558678842780988e-06
1140,1.6794462523708327e-05
1141,2.88851470048836e-06
1142,2.3389547074329742e-05
1143,4.254116429600973e-05
1144,5.30330421170398e-05
1145,5.170129019611424e-05
1146,2.6705473921964714e-05
1147,5.2832606681167024e-06
1148,2.1658323932498963e-05
1149,1.6380870230004606e-05
1150,1.2250473422498801e-05
1151,1.4227754276137068e-05
1152,1.880077594065115e-05
1153,1.66432368183513e-05
1154,8.18006682770936e-06
1155,2.5849603286752024e-07
1156,4.229097104628243e-06
1157,6.365899652342206e-06
1158,7.685195133750245e-06
1159,8.128091767620721e-06
1160,7.3819102739921025e-06
1161,3.3654174142416596e-06
1162,3.5000556717757274e-07
1163,1.0757290575040591e-06
1164,1.684228392741967e-06
1165,3.5733199194033945e-06
1166,1.9192247862578945e-06
1167,2.896808424399842e-06
1168,1.0587255646012108e-05
1169,4.649046712100268e-05
1170,5.998006638017478e-05
1171,4.829026409478099e-05
1172,2.7673950770415764e-05
1173,9.459827834895981e-06
1174,2.2133847378676593e-06
1175,5.435591599380015e-06
1176,4.034658878181352e-05
1177,7.34494862073285e-05
1178,6.885489451918445e-05
1179,4.2706766997377165e-05
1180,2.1769186244204867e-05
1181,1.2661300386629634e-05
1182,1.3775456427641641e-05
1183,3.5596903097640455e-05
1184,6.701086586108304e-05
1185,7.946261722772743e-05
1186,5.992145317022691e-05
1187,3.949065020238528e-05
1188,2.2301107918903447e-05
1189,9.415039008005361e-06
1190,7.900007565633423e-06
1191,1.9139169841391213e-05
1192,3.0089412929365332e-05
1193,3.46251196306993e-05
1194,3.3762001612494595e-05
1195,2.5343622713550464e-05
1196,1.142467036747421e-05
1197,6.698488852267104e-06
1198,3.3321858984161085e-05
1199,6.660557861532672e-05
1200,8.470578174944084e-05
1201,8.448709196765693e-05
1202,7.77579195076474e-05
1203,6.296313451582984e-05
1204,4.6279251202929296e-05
1205,3.0166008708362135e-05
1206,7.810708483135934e-06
1207,7.06867611627024e-06
1208,3.8021492429545586e-05
1209,7.357085722437283e-05
1210,8.021154366766427e-05
1211,6.064220540878231e-05
1212,4.860627264130448e-05
1213,5.097088987895073e-05
1214,5.893420107021218e-05
1215,6.447181317404785e-05
1216,6.759890039859725e-05
1217,6.834952544392285e-05
1218,6.686129799458542e-05
1219,6.409941092861778e-05
1220,5.5964404704661244e-05
1221,4.6797914696366866e-05
1222,4.658889564126292e-05
1223,7.077024195554162e-05
1224,8.460819120783906e-05
1225,7.697164639722986e-05
1226,5.5165697802798025e-05
1227,4.933723916026426e-05
1228,6.138313707935609e-05
1229,7.405052073808465e-05
1230,8.085266528559497e-05
1231,8.186702712761418e-05
1232,7.471900122681017e-05
1233,6.0471891908470065e-05
1234,4.749293872530063e-05
1235,3.4521436757769854e-05
1236,2.9841710967541538e-05
1237,4.791206394295732e-05
1238,9.02406307885108e-05
1239,0.00011462268431552447
1240,9.467319817063972e-05
1241,6.585080897285256e-05
1242,4.787141065398651e-05
1243,4.3587867584630786e-05
1244,3.827447139211044e-05
1245,3.134429729443188e-05
1246,2.3696428447897672e-05
1247,1.4573060368405757e-05
1248,4.58186573657152e-06
1249,8.269082809308723e-07
1250,1.8274389454712716e-06
1251,5.177926750749391e-06
1252,3.8046110883646565e-05
1253,7.682402626491136e-05
1254,8.948808065707796e-05
1255,5.0286351907283525e-05
1256,1.7386652982407026e-05
1257,1.8844180970351736e-05
1258,3.781000473460999e-05
1259,4.982797758111073e-05
1260,4.952965717870212e-05
1261,4.939807188125344e-05
1262,4.978290791812917e-05
1263,5.053849289118992e-05
1264,4.9951001907400104e-05
1265,4.795905869204613e-05
1266,5.382980128472391e-05
1267,7.548620466073e-05
1268,9.915692754707787e-05
1269,0.00010497043846219062
1270,9.640636451703525e-05
1271,8.439751884349006e-05
1272,6.018990076586533e-05
1273,4.75764421662117e-05
1274,7.413622104196515e-05
1275,0.00012987031750398342
1276,0.00015557859682239122
1277,0.0001221779451962639
1278,8.598360861129146e-05
1279,6.2220549536011e-05
1280,5.057137789151617e-05
1281,4.67890593002735e-05
1282,5.122051692688177e-05
1283,5.948656489456259e-05
1284,7.353960288521978e-05
1285,8.847842961400355e-05
1286,9.48766684481404e-05
1287,9.236637881235476e-05
1288,7.757820705751741e-05
1289,2.166026034264214e-05
1290,2.9964191740106505e-05
1291,3.386151724020364e-05
1292,2.441967197435658e-05
1293,7.21567342661287e-05
1294,9.59336086652377e-05
1295,0.00010662370241109924
1296,0.00010811192986043665
1297,9.777403627991495e-05
1298,9.160442973110415e-05
1299,9.060252432860245e-05
1300,8.839714568413378e-05
1301,7.055848248374382e-05
1302,4.5609660958683106e-05
1303,4.6046202543592466e-05
1304,8.179901496784853e-05
1305,0.00011602989961185434
1306,0.00010977321122678016
1307,8.974629132424017e-05
1308,8.913615226860031e-05
1309,0.00014370052111570814
1310,0.00017242171872846937
1311,0.00014668275127270475
1312,9.718267247583879e-05
1313,5.418616869528416e-05
1314,1.48368084891353e-05
1315,5.126504303613894e-06
1316,2.3167845098989785e-07
1317,1.9003147786667108e-05
1318,3.937066071772381e-05
1319,5.99549043723494e-05
1320,7.757682552513454e-05
1321,9.513490176337448e-05
1322,0.00010289750574190094
1323,7.952508060988981e-05
1324,4.171204103365193e-05
1325,2.1737947758702118e-05
1326,4.702321771513098e-05
1327,7.080564089184321e-05
1328,8.344620923350133e-05
1329,8.677429809571977e-05
1330,8.603696746857014e-05
1331,8.265522532413899e-05
1332,7.08670171665568e-05
1333,4.1316152737713375e-05
1334,6.360923870956753e-06
1335,1.9004246218151833e-06
1336,2.3096503672662185e-05
1337,4.330254717546409e-05
1338,4.701714803187516e-05
1339,4.58880510578637e-05
1340,4.264151790237722e-05
1341,3.9637998557841584e-05
1342,4.8587180316734906e-05
1343,0.0001013960065224594
1344,0.0001357150827582492
1345,0.0001232567181546246
1346,7.085485515197335e-05
1347,4.472246804010182e-05
1348,5.070905552029251e-05
1349,6.0504799556868165e-05
1350,5.8758633217230734e-05
1351,4.989155071879378e-05
1352,4.7889121446173236e-05
1353,5.251714168836793e-05
1354,6.112270690115258e-05
1355,8.039927353522919e-05
1356,9.691008028305179e-05
1357,9.655094980772585e-05
1358,7.869901483723177e-05
1359,6.308147069124626e-05
1360,4.929051618803764e-05
1361,4.58518367909755e-05
1362,5.847748005328444e-05
1363,8.899598335192046e-05
1364,9.341167792052111e-05
1365,6.558265580214819e-05
1366,4.0034996609300785e-05
1367,4.973921978753047e-05
1368,8.135640369968337e-05
1369,9.815361796412148e-05
1370,9.832585655054098e-05
1371,8.774497180714029e-05
1372,5.742966700914273e-05
1373,2.7046916253175787e-05
1374,1.3382600708523809e-05
1375,2.034151747418724e-05
1376,3.039740405845391e-05
1377,4.169654975250651e-05
1378,5.4600877538930084e-05
1379,6.87863388056944e-05
1380,8.522387904108216e-05
1381,9.549790505898678e-05
1382,9.979693940948792e-05
1383,9.707430145203637e-05
1384,7.852621004901602e-05
1385,5.433132018777101e-05
1386,4.7668506578282074e-05
1387,6.378091109419079e-05
1388,7.870454096676318e-05
1389,7.366289898837135e-05
1390,6.468909877537705e-05
1391,6.502390522153607e-05
1392,8.625536282542e-05
1393,9.549097474900067e-05
1394,8.469611102276088e-05
1395,7.222003562694953e-05
1396,7.888479697061756e-05
1397,0.00010446395963140836
1398,0.00010980360493920292
1399,8.883672211067105e-05
1400,6.437836722959462e-05
1401,5.94168994255519e-05
1402,6.653783823242327e-05
1403,7.578810345849092e-05
1404,8.755366354422306e-05
1405,9.303071470393173e-05
1406,8.23441993534225e-05
1407,6.706975084789312e-05
1408,5.9291112034496825e-05
1409,6.844738776238683e-05
1410,6.495616483863262e-05
1411,4.3986247168472845e-05
1412,2.3861193170606654e-05
1413,2.1674635073845355e-05
1414,3.383332039075035e-05
1415,3.7735084912930085e-05
1416,2.7559487415285706e-05
1417,1.953672730022511e-05
1418,3.59850457530063e-05
1419,6.0331451214928026e-05
1420,7.116504314403137e-05
1421,5.519638594015482e-05
1422,4.1226556965474644e-05
1423,3.13962746193277e-05
1424,2.8702127936263496e-05
1425,4.0002383385836743e-05
1426,7.19748023049574e-05
1427,8.476355698073027e-05
1428,7.128446642689658e-05
1429,4.9484881940654604e-05
1430,4.395555903111606e-05
1431,5.0062679549692616e-05
1432,5.775480272862178e-05
1433,6.822344362793372e-05
1434,7.206383187539987e-05
1435,5.485440005521934e-05
1436,3.0394369216826005e-05
1437,1.3337811881633187e-05
1438,2.6994123597693363e-06
1439,6.414556769904814e-06
1440,3.18955740113335e-05
1441,6.316384172856482e-05
1442,8.127842638830371e-05
1443,8.645111011041982e-05
1444,9.190771006124792e-05
1445,0.00010116986552503682
1446,0.0001057749659185193
1447,9.239181259704234e-05
1448,6.847834767660583e-05
1449,4.372443545788648e-05
1450,1.4946289268458352e-05
1451,8.904950074570208e-07
1452,1.0421929251121247e-05
1453,3.340812548983786e-05
1454,5.17740131548247e-05
1455,6.999006117645173e-05
1456,6.857731975059047e-05
1457,3.833861073158973e-05
1458,5.82043216587012e-06
1459,1.0066669331274467e-05
1460,4.183893818022765e-05
1461,6.780846300742558e-05
1462,8.11623097239286e-05
1463,8.610939600234654e-05
1464,8.063979605827652e-05
1465,7.221754433904604e-05
1466,6.56301941049614e-05
1467,5.8353889525198815e-05
1468,8.05521480202169e-05
1469,9.295303181748613e-05
1470,9.60853960427766e-05
1471,6.220286139189614e-05
1472,7.61043837818766e-05
1473,7.084930637437009e-05
1474,6.480190882126205e-05
1475,8.541353399475433e-05
1476,4.3848297762834305e-05
1477,6.895137530526558e-05
1478,6.768186028578391e-05
1479,2.3117521083339017e-05
1480,9.580367667703404e-06
1481,2.211726899008237e-06
1482,2.919091862293088e-05
1483,4.639869713386636e-05
1484,5.365479963353872e-05
1485,4.7867560481772004e-05
1486,2.3530825746530242e-05
1487,2.1813037440920896e-07
1488,3.599582623520691e-06
1489,2.453660396931829e-05
1490,2.9152756621863576e-05
1491,1.2155645945662718e-05
1492,7.914660868120394e-06
1493,2.707484132576688e-05
1494,3.704916540888003e-05
1495,2.65141656590475e-05
1496,1.688431421915896e-05
1497,4.666381546294283e-05
1498,5.61852913494146e-05
1499,5.696051220076932e-05
1500,5.735669492164192e-05
1501,5.7450140866095156e-05
1502,5.0007123829444485e-05
1503,3.4511494254227696e-05
1504,1.6775109746312476e-05
1505,6.549473598722637e-06
1506,2.4703588203068576e-05
1507,1.658932534811948e-05
1508,2.2665488217284235e-05
1509,4.766988811066493e-05
1510,1.9885625376689216e-05
1511,8.598913474082288e-06
1512,4.647112566764276e-06
1513,3.712299812311113e-05
1514,5.344829451441013e-05
1515,3.860069421903829e-05
1516,2.4202363724955526e-05
1517,4.355661324547774e-05
1518,7.758126454721717e-05
1519,7.43070780960018e-05
1520,3.53024555155182e-05
1521,2.6333366101468695e-06
1522,3.2517897729628665e-06
1523,1.648758567975477e-05
1524,3.7110269906731414e-05
1525,6.5161039296588e-05
1526,6.205356530226071e-05
1527,8.399857305785175e-06
1528,3.540917323007554e-05
1529,3.67049826609751e-05
1530,5.0139818882413825e-06
1531,1.8952830565437892e-05
1532,3.522726391697609e-05
1533,4.3799355279566385e-05
1534,4.018816551922256e-05
1535,3.297131212806629e-05
1536,3.0040764871031464e-05
1537,3.03199929488705e-05
1538,2.7200356939959754e-05
1539,1.1477198040515988e-05
1540,9.372179796836361e-07
1541,1.4337520421165429e-06
1542,1.016453844416001e-05
1543,1.8739399665937563e-05
1544,2.7190957990141993e-05
1545,2.7804154535481596e-05
1546,8.360322831563761e-06
1547,1.1884709326927976e-05
1548,3.3214597715879334e-06
1549,3.848181448989747e-05
1550,5.418340563051846e-05
1551,1.228115929504841e-05
1552,2.4446759068289218e-05
1553,3.7220588664712915e-05
1554,3.321955764361449e-05
1555,2.478072753578978e-05
1556,1.109457019064563e-05
1557,1.9148016178255832e-06
1558,1.4578591027551536e-05
1559,2.2875322602974774e-05
1560,1.3874156724764078e-05
1561,5.08420449981959e-06
1562,1.5044710994297034e-05
1563,3.364035881858808e-06
1564,8.696506280491258e-06
1565,5.270541510965725e-06
1566,4.854727441413514e-07
1567,1.2120810946350186e-05
1568,5.7967128402215824e-05
1569,8.058589364727344e-05
1570,7.027979795962918e-05
1571,4.53912429537614e-05
1572,2.994509941553693e-05
1573,2.1211004130196176e-05
1574,8.276830714688619e-06
1575,1.2436534127168365e-05
1576,2.8545629759779778e-05
1577,2.698968457561076e-05
1578,2.0046528603147762e-05
1579,1.822517292977541e-05
1580,2.8334980043502634e-05
1581,2.781355348529936e-05
1582,1.1772463218032035e-05
1583,5.836743307216514e-06
1584,1.0551036849509539e-05
1585,5.381129781002243e-06
1586,9.85323843177414e-06
1587,2.5090915527847814e-05
1588,4.2210230670137075e-05
1589,6.420474711079227e-05
1590,7.858815252552587e-05
1591,6.737470713535378e-05
1592,2.562174103586885e-05
1593,7.847756199068215e-06
1594,3.4081588554370395e-05
1595,6.298718676813458e-05
1596,7.903325508159453e-05
1597,8.2026831922588e-05
1598,6.592545701767027e-05
1599,3.173051486369046e-05
1600,4.299041144922696e-06
1601,5.096368779210242e-06
1602,2.038215943912212e-05
1603,4.2588997023757e-05
1604,6.768324181816676e-05
1605,8.145564755053022e-05
1606,6.757484814629251e-05
1607,5.5135553219165634e-05
1608,5.106487937712836e-05
1609,5.520521868817633e-05
1610,6.902629512694549e-05
1611,9.23213091493732e-05
1612,0.00010676774414806544
1613,0.00010472355183095343
1614,9.348245314505247e-05
1615,7.467227825458357e-05
1616,5.691655229330841e-05
1617,5.05594876537949e-05
1618,6.560641362951888e-05
1619,8.593770096965145e-05
1620,0.00011447119136291962
1621,0.0001423140514531929
1622,0.00015354794805224557
1623,0.00014593685967439582
1624,0.00015716964651792782
1625,0.00019789470722842722
1626,0.0002300471103745401
1627,0.00018415989729533483
1628,0.00011417370893916945
1629,0.00010522119791371417
1630,0.00019718031909806167
1631,0.00026826233441069083
1632,0.00025239328342681073
1633,0.00023029918341423093
1634,0.00026196277322560455
1635,0.00036130197245493143
1636,0.0004112708663390931
1637,0.00040762112956046055
1638,0.00038938263729963014
1639,0.0003730037782184058
1640,0.0003693726128586902
1641,0.0004089453623215319
1642,0.000488744937562244
1643,0.0005438866510569529
1644,0.0005111470513519843
1645,0.0004873194679200031
1646,0.0005198042768166588
1647,0.0005997635209639138
1648,0.0006474689665473834
1649,0.0006610924612073327
1650,0.0006855261070420209
1651,0.0007403310437083196
1652,0.0008135640369968338
1653,0.0008894228477356404
1654,0.0009690129283117398
1655,0.0010576346069801948
1656,0.0011522029898743127
1657,0.0012613913825897812
1658,0.0013968248139265035
1659,0.0015439199639395254
1660,0.0016665436458378697
1661,0.0017540460567954962
1662,0.0019036689581077002
1663,0.0021335190302571453
1664,0.002433446992805676
1665,0.0027961898355917066
1666,0.0032241591253058277
1667,0.0037048576559011925
1668,0.004213952338982127
1669,0.00485826959985086
1670,0.005670427191585808
1671,0.006649394626917791
1672,0.007793754136549001
1673,0.009123252574325478
1674,0.01056252621635906
1675,0.012093443016326607
1676,0.013771927858047405
1677,0.015666128789718202
1678,0.01774080088192597
1679,0.019953014714478984
1680,0.02229191959615389
1681,0.024811891282655426
1682,0.02750479232176788
1683,0.03036406609669066
1684,0.03338373351645537
1685,0.03655342176415469
1686,0.0398249130948199
1687,0.043231953135507546
1688,0.046639310249201094
1689,0.05016192340053945
1690,0.05347021784796096
1691,0.05658695490367491
1692,0.05916016088305994
1693,0.06037151565403073
1694,0.05986768664765493
1695,0.05796271202820507
1696,0.05446392464845295
1697,0.04989377022983507
1698,0.044869861691701825
1699,0.03935886107228995
1700,0.03413367911962547
1701,0.02929389940563297
1702,0.02487904281569077
1703,0.02091533355219401
1704,0.017407901403416727
1705,0.014355983129337575
1706,0.011846098894038044
1707,0.009711096868036158
1708,0.007960761018371133
1709,0.006511784942356999
1710,0.00534297230954931
1711,0.004447868419470808
1712,0.003744056938659227
1713,0.003224747975173929
1714,0.0028043771135654928
1715,0.0024395234704830395
1716,0.0021274076745491327
1717,0.0018628929165874666
1718,0.0016453233084372642
1719,0.0014743518816377834
1720,0.0013807666515426756
1721,0.0012864193138298141
1722,0.0011689331205499308
1723,0.0010457846828268213
1724,0.0009664584522877747
1725,0.0009260364001305569
1726,0.000891581435463667
1727,0.0008570277252035109
1728,0.0008151050118055098
1729,0.0007464353785140587
1730,0.000672304389176691
1731,0.0006237668534334512
1732,0.0006315915357769186
1733,0.0006162703416510907
1734,0.0005687696346371456
1735,0.0005137130778925928
1736,0.00048621243016797353
1737,0.0004745837776765748
1738,0.0004232458078490788
1739,0.00032899585684517245
1740,0.0002650089388894338
1741,0.0003190601477245636
1742,0.00038605948571707497
1743,0.00038861282933744755
1744,0.00032729679849498306
1745,0.0002950183135328811
1746,0.0002946527736532216
1747,0.00030236172434953534
1748,0.0003149524669331234
1749,0.0003273448124073052
1750,0.00032646244352802796
1751,0.00031678265761932444
1752,0.0003114950122844976
1753,0.0003207161747382379
1754,0.00032796899326749206
1755,0.0003246752841783419
1756,0.00031663295386439574
1757,0.000312142067697253
1758,0.0003122349247918381
1759,0.00031473527192408163
1760,0.0003201284572737296
1761,0.0003270882097532443
1762,0.00033401761381647994
1763,0.0003395197363917266
1764,0.00034343173784238257
1765,0.0003454383570082954
1766,0.00034716414008326775
1767,0.00034430436805076427
1768,0.00034992697836825314
1769,0.0003693703480515052
1770,0.000397938625883135
1771,0.0004238783684958502
1772,0.0004473485653540379
1773,0.00047326837766352496
1774,0.0005083547705735939
1775,0.0005440320516782301
1776,0.0005639039228808848
1777,0.0005779362152377273
1778,0.0006120426260788454
1779,0.0006817268929891781
1780,0.0007560143805030295
1781,0.0008328280339510336
1782,0.0009095640045125921
1783,0.0009732909226034923
1784,0.0010311236799954218
1785,0.00112021757096195
1786,0.0012500265801354356
1787,0.0013890694346828973
1788,0.0015160992989596653
1789,0.0016427201390588216
1790,0.0017751964116540853
1791,0.0019108912017399568
1792,0.0020707526168934048
1793,0.0022542826260144463
1794,0.0024587471538693464
1795,0.002708154515503449
1796,0.0029660616985028683
1797,0.0031496469689192242
1798,0.0032714822714364693
1799,0.003384894756032687
1800,0.0035004927795624333
1801,0.0036291089147915774
1802,0.0038008333899800712
1803,0.003976747758460821
1804,0.004098406406017636
1805,0.004166588426322156
1806,0.004155864564301166
1807,0.0040611163557165595
1808,0.00388934431957718
1809,0.003615809967001239
1810,0.0032866338315041396
1811,0.0029581484621984673
1812,0.0026372252840835197
1813,0.0023333674281075713
1814,0.002038812041163305
1815,0.0017750630145108887
1816,0.00155836875433769
1817,0.0013841980609086738
1818,0.0012248691019244203
1819,0.001080009996045152
1820,0.0009409920543767252
1821,0.0007869955839095616
1822,0.0006528202529641088
1823,0.0005639911179575074
1824,0.0005127333223043605
1825,0.0004756249095395208
1826,0.00045709516307469895
1827,0.0004349408191909981
1828,0.0004045052078353332
1829,0.00037291069464310216
1830,0.0003532915759222938
1831,0.00033917639162248017
1832,0.0003166705496636668
1833,0.0002815549407409114
1834,0.00024883459189701526
1835,0.00021834045792368985
1836,0.00019889772238644956
1837,0.00020307069756903345
1838,0.00022829981163131015
1839,0.0002102062896783918
1840,0.0001486688965816651
1841,8.98115404192401e-05
1842,5.922724447187973e-05
1843,4.483942268313538e-05
1844,4.3594231692820646e-05
1845,4.856729530965058e-05
1846,4.2112911905397486e-05
1847,3.2191674902700807e-06
1848,1.6016763973293204e-05
1849,3.2191674902700807e-06
1850,1.8592320822536276e-05
1851,1.2927537530455495e-05
1852,1.0562095902993908e-05
1853,1.5153639160666946e-05
1854,5.914707029753062e-06
1855,2.2178633940760035e-05
1856,9.1631788601899e-06
1857,9.93949587822217e-06
1858,2.0739906117258035e-05
1859,2.321373009255795e-05
1860,1.7338272171320992e-05
1861,1.2059441466058156e-06
1862,5.926871309143714e-06
1863,1.3891296785540183e-05
1864,3.734442832158889e-05
1865,2.2810073507974833e-05
1866,1.1943872885021814e-05
1867,2.8684983345873023e-05
1868,6.81763582865575e-07
1869,2.6431228419932683e-05
1870,5.101124874298749e-05
1871,6.882558791421051e-05
1872,7.392362359150892e-05
1873,6.737525068907819e-05
1874,5.35375958617148e-05
1875,3.260525134275424e-05
1876,1.4308759634723076e-05
1877,5.204191719673872e-06
1878,1.3944938743716983e-06
1879,4.1315042982192726e-06
1880,1.1419692321281574e-05
1881,6.14970342326899e-06
1882,1.6406027708215624e-05
1883,3.160556545129385e-05
1884,3.0516849989390976e-05
1885,1.848339265616636e-05
1886,1.0784375404166044e-05
1887,4.137474329958941e-05
1888,4.101534104740126e-05
1889,2.3943586855997067e-05
1890,7.225432480773048e-05
1891,8.4648821848738e-05
1892,8.231212968368285e-05
1893,8.137436362066045e-05
1894,8.112996827732676e-05
1895,6.434684111357936e-05
1896,3.2380220100852324e-05
1897,1.6901454279935063e-05
1898,5.492488085481664e-05
1899,0.0001023631018385276
1900,0.00012985980879864502
1901,0.00014040753676485725
1902,0.00015448406080602293
1903,0.00017501607800696233
1904,0.00019001213641331113
1905,0.00019427744778482758
1906,0.0001944825713715733
1907,0.00019596278140347582
1908,0.00020593875879583402
1909,0.00023979031088442365
1910,0.0003060769140558145
1911,0.00036946592291471235
1912,0.00041223861844924493
1913,0.0004596131757029855
1914,0.0005241647100899454
1915,0.000604244668460161
1916,0.0006856995912723921
1917,0.0007717783444335254
1918,0.0008890711231798094
1919,0.0010562340502169888
1920,0.0012554519257471106
1921,0.0014895299399495193
1922,0.0017462591967320185
1923,0.0019932962111662966
1924,0.002213021915756622
1925,0.0024931133380945844
1926,0.0028514103643764535
1927,0.0032288019800350847
1928,0.0035568615655899765
1929,0.0038747951982207197
1930,0.0042381812462472905
1931,0.004654237650168295
1932,0.005082225058339896
1933,0.005538359490206718
1934,0.005978653860621626
1935,0.006397002249413854
1936,0.006781120342411944
1937,0.007148030430418381
1938,0.007455401002338269
1939,0.0075292858071346275
1940,0.0072817922075718525
1941,0.0068623974778601535
1942,0.0062856597985847295
1943,0.005624453870537428
1944,0.0049297174721161545
1945,0.00417619573840094
1946,0.0035262685501349536
1947,0.00297453660698915
1948,0.0024992101990366127
1949,0.0020876252039409597
1950,0.0017353908400126253
1951,0.0014262423944525096
1952,0.0011659306656647721
1953,0.0009781695437607076
1954,0.000908126757872989
1955,0.0008350690606605942
1956,0.0007347215692725038
1957,0.0006419971923884157
1958,0.0006159750107941664
1959,0.0006359696345462482
1960,0.0006455832880851496
1961,0.0006366198606890627
1962,0.000620717970001
1963,0.0005954309448190027
1964,0.0005733264266933719
1965,0.0005613288371115362
1966,0.0005576424104565066
1967,0.0005517165424569458
1968,0.0005427381673334379
1969,0.0005336954716858757
1970,0.0005257620785975282
1971,0.0005151380945733968
1972,0.0004898155119185951
1973,0.00046316529929194445
1974,0.00045742695732730194
1975,0.0004926077926969855
1976,0.0004892320975877383
1977,0.0004372482047510793
1978,0.00038140281566399
1979,0.0003583615732866419
1980,0.00035448648819310144
1981,0.0003502449572970276
1982,0.000344433235579591
1983,0.00033210000157293774
1984,0.00030409792553755873
1985,0.00027848499460163956
1986,0.0002589947434096579
1987,0.00024487502949547424
1988,0.0002376586743618987
1989,0.00023328057559256907
1990,0.00022507848577979275
1991,0.00021328832988803148
1992,0.00019689225827220112
1993,0.00016686254566023248
1994,0.00014116672278134218
1995,0.0001386475551013913
1996,0.00015289273933362415
1997,0.0001281949490369492
1998,6.049347552094315e-05
1999,2.0496615999830627e-05
2000,4.954929305699609e-05
2001,9.10213551213251e-05
2002,7.548398514968868e-05
2003,3.9947076794378964e-05
2004,4.1069537883338384e-05
2005,0.0001171512509452931
2006,0.00014245172908196926
2007,0.00010241396940790276
2008,5.706584838294382e-05
2009,5.4592588344632977e-05
2010,7.420781159708311e-05
2011,8.296459798561041e-05
2012,8.343182770787657e-05
2013,8.631757707879203e-05
2014,0.00010101393355034936
2015,0.00011143449259312368
2016,0.00011633456147438097
2017,0.00011436060082807591
2018,0.00010253117317972667
2019,8.212304093180693e-05
2020,5.8340345978232494e-05
2021,3.1391020266658494e-05
2022,9.444621919455872e-06
2023,1.2498463014835092e-05
2024,1.7832591252326966e-05
2025,1.1950506505266688e-05
2026,6.531502353709637e-05
2027,9.656947593049917e-05
2028,0.00010574869415517326
2029,0.0001065974306477532
2030,9.923128116696152e-05
2031,9.659823898174871e-05
2032,0.00012703987472452574
2033,0.0001595610790726445
2034,0.0001562728055207384
2035,0.00010492260573444337
2036,6.210139803000798e-05
2037,2.6991337884855812e-05
2038,4.0872703490889755e-06
2039,2.2144899637739406e-06
2040,3.6615115111874174e-06
2041,2.051541616427334e-05
2042,4.319721099328959e-05
2043,6.062506081839183e-05
2044,6.247461560602465e-05
2045,6.9358610285201e-05
2046,8.446192995983156e-05
2047,0.00010131087242037512
2048,0.00011866185468961835
2049,0.00013184982692789174
2050,0.00011815039328302908
2051,8.098067218769136e-05
2052,5.971771111586402e-05
2053,9.74530678056563e-05
2054,0.00012558953749939342
2055,0.00011571139977742734
2056,8.780883936975736e-05
2057,8.319572155883999e-05
2058,9.878617861089285e-05
2059,0.00010849565614179173
2060,0.0001072128467041341
2061,0.00010233655829831935
2062,9.877014377602305e-05
2063,9.357148271549494e-05
2064,8.081257819842041e-05
2065,6.287437672224957e-05
2066,6.19714433937325e-05
2067,7.905205298123005e-05
2068,9.81668897342256e-05
2069,0.00011773568443938316
2070,0.0001278172924388499
2071,0.00010136063023422965
2072,6.727183959301095e-05
2073,6.9322667795175e-05
2074,0.00013219043128044435
2075,0.00015190464925495098
2076,0.00011882165948459217
2077,8.260243266865655e-05
2078,7.288133667689861e-05
2079,8.06677211308676e-05
2080,0.00010303047257173247
2081,0.00013092918280718796
2082,0.00014069285717402394
2083,0.00010322732961225294
2084,8.181228673795265e-05
2085,8.469968941811318e-05
2086,9.463256752974077e-05
2087,9.320875119674484e-05
2088,8.51149418154835e-05
2089,7.934620613841826e-05
2090,7.71112717601853e-05
2091,8.331294797873576e-05
2092,0.00011892670124183262
2093,0.0001389616159137357
2094,0.0001283083026365586
2095,9.900955654354972e-05
2096,6.635731045170668e-05
2097,3.299065358142622e-05
2098,1.1915671505954156e-05
2099,6.331617265982813e-06
2100,2.032023508106977e-06
2101,1.4128503630868672e-05
2102,2.6181850500791985e-05
2103,2.3053381743859726e-05
2104,9.104570179856386e-06
2105,8.155738268928056e-06
2106,1.871838904968229e-05
2107,2.0855467903872822e-05
2108,7.411493185442612e-06
2109,1.4024000897738257e-05
2110,5.110856750772707e-05
2111,8.596259120061464e-05
2112,9.948564166190924e-05
2113,9.279460855489516e-05
2114,6.737690399832325e-05
2115,2.187839071705135e-05
2116,1.1723253487516286e-05
2117,1.2969561027773228e-05
2118,1.730122445538871e-06
2119,2.1115345469123195e-05
2120,4.5017459175948484e-05
2121,7.333586083085689e-05
2122,0.00011594308955245316
2123,0.00012754193718129723
2124,0.00010265614524019514
2125,7.340663605538824e-05
2126,6.573913133056006e-05
2127,6.887921854835139e-05
2128,6.357383977326594e-05
2129,5.6252488178593635e-05
2130,7.453736369057292e-05
2131,0.00015060415167317845
2132,0.00018573851319942573
2133,0.0001586360412260018
2134,0.00011654025126292296
2135,0.00012079009400136583
2136,0.00014570573610116626
2137,0.00014449811826205072
2138,0.00011466138987031619
2139,8.698220739530307e-05
2140,6.621023387311257e-05
2141,5.5221819724842406e-05
2142,5.527656011450393e-05
2143,6.354509937008825e-05
2144,8.598967829454729e-05
2145,0.00011443579242661801
2146,0.00012151220512423223
2147,9.827637051354865e-05
2148,8.35556900128244e-05
2149,0.00010495025903017225
2150,0.00011696435905638663
2151,9.390157836270915e-05
2152,5.544243459273356e-05
2153,6.784578702983445e-05
2154,0.0001147775065346913
2155,0.0001427702062683244
2156,0.00013106298761567795
2157,0.00010819982702728663
2158,7.138067543611552e-05
2159,3.997749315487356e-05
2160,2.7434809779751282e-05
2161,3.236529502150315e-05
2162,5.2169086120176645e-05
2163,8.398253822298193e-05
2164,0.00011172477293002554
2165,0.00013520280602107336
2166,0.00014355040969548613
2167,0.00011307559452744882
2168,7.945901618430327e-05
2169,7.836642790211405e-05
2170,0.00010935601109523075
2171,0.0001356373998718036
2172,0.00015623631947698802
2173,0.0001635908504969206
2174,0.00014212937907532775
2175,0.00011826263712711784
2176,0.00010215573609266871
2177,9.349629111695284e-05
2178,9.721363239005777e-05
2179,0.00011372140429625247
2180,0.0001351165395153966
2181,0.00016122818099345348
2182,0.00017775418459748743
2183,0.00017640170969081913
2184,0.00015983201795618642
2185,0.00011455247529278938
2186,5.764973832330948e-05
2187,3.7348301141875246e-05
2188,5.592017302033812e-05
2189,7.720802432312865e-05
2190,9.546748869849218e-05
2191,0.00011362795835179925
2192,0.00014786382557161205
2193,0.0001717465797066199
2194,0.0001527368073589367
2195,9.87800862795652e-05
2196,7.309422855228891e-05
2197,7.913886304063123e-05
2198,7.708416201818082e-05
2199,5.2628004000073844e-05
2200,3.267217639507108e-05
2201,4.962505085733446e-05
2202,8.09065903446699e-05
2203,0.00010917022896184493
2204,0.00013309114509792012
2205,0.00012566860191822187
2206,8.205502877204128e-05
2207,5.0300733432908295e-05
2208,5.569511913036437e-05
2209,6.726576990975513e-05
2210,4.3526219533055e-05
2211,9.883097649701222e-06
2212,8.736267008950455e-08
2213,2.0158774712043705e-05
2214,4.608794294001207e-05
2215,8.103817564211857e-05
2216,9.7209216016047e-05
2217,6.762075578793253e-05
2218,2.664797046753748e-05
2219,1.0184996447462143e-05
2220,1.0952467128629792e-05
2221,1.701591310545075e-05
2222,3.119085660764792e-05
2223,3.801791403419328e-05
2224,3.6924759550207805e-05
2225,3.638732080520656e-05
2226,5.223046239489023e-05
2227,6.377345987855211e-05
2228,3.2882282557623825e-05
2229,1.8054870753499097e-05
2230,3.4915399967601154e-05
2231,2.7652095381080483e-06
2232,3.384049982952681e-05
2233,7.662578769200803e-05
2234,0.0001065194759844454
2235,0.00010248141536587216
2236,7.923287518688072e-05
2237,4.730880990115988e-05
2238,1.3163639149877703e-05
2239,5.820155859393551e-06
2240,5.92355563142487e-06
2241,2.587723393440906e-07
2242,1.1714404885844478e-05
2243,2.0275996602325098e-05
2244,1.0039575442920275e-05
2245,4.250936640313229e-06
2246,7.899731259156853e-06
2247,1.4984416844456445e-07
2248,2.087426806831553e-05
2249,6.292581049342099e-05
2250,8.652104735629272e-05
2251,8.44569700320964e-05
2252,6.585690130418022e-05
2253,2.5958472568135124e-05
2254,1.4758847031405936e-05
2255,3.254387506804065e-05
2256,2.5414941491806213e-05
2257,9.832227815518866e-06
2258,1.8414827883447574e-05
2259,3.3764198475464055e-05
2260,2.6773486081730357e-05
2261,1.720335534250317e-05
2262,3.7921705024974346e-05
2263,6.34671220587086e-05
2264,5.761433938700789e-05
2265,1.5171331834396193e-05
2266,5.596218519361993e-06
2267,3.840440338031407e-05
2268,5.7894133666643175e-05
2269,4.32331534833156e-05
2270,1.8864362667177296e-05
2271,7.358965512400834e-06
2272,7.227366626109041e-06
2273,2.3243580251256292e-05
2274,5.8810338765264356e-05
2275,5.8495168197399315e-05
2276,1.360985372627421e-05
2277,6.081693528310531e-06
2278,3.968333999768535e-05
2279,9.376555404317787e-05
2280,8.383546164438782e-05
2281,4.7392856895795344e-05
2282,3.09630623009803e-05
2283,4.013396868328543e-05
2284,5.107704139171182e-05
2285,6.38707786432917e-05
2286,7.775044564393689e-05
2287,9.985666237495645e-05
2288,0.00011060509755390368
2289,7.501951849218824e-05
2290,2.5097007859175476e-05
2291,7.415916353874925e-06
2292,2.968247237436396e-05
2293,2.6654062798865144e-05
2294,3.537103387708009e-06
2295,1.992764887400695e-05
2296,1.2772162698335538e-05
2297,5.273306840538614e-05
2298,7.081780290642668e-05
2299,7.076417227228581e-05
2300,5.3247292876741095e-05
2301,1.0811469292520236e-05
2302,1.0091552767816097e-05
2303,5.153099934387386e-05
2304,8.929289957387439e-05
2305,8.975127390004718e-05
2306,8.352470745053355e-05
2307,9.522198359963784e-05
2308,0.00011063218464783632
2309,0.00010857195749585451
2310,8.712982752762157e-05
2311,6.917228459809079e-05
2312,5.542087362833233e-05
2313,5.363987455418955e-05
2314,7.887954261794836e-05
2315,0.00010637903529090334
2316,0.00012869644529192446
2317,0.00014113465311160251
2318,0.00013050840428028621
2319,9.844392094909518e-05
2320,0.0001036182353323845
2321,0.00014487079228434296
2322,0.00017399591825854952
2323,0.0001356246716554239
2324,0.00010628447959092947
2325,0.00014116672278134218
2326,0.000187259082095365
2327,0.00016765323514466077
2328,9.395301213388058e-05
2329,4.6064162464569546e-05
2330,2.7848386219804705e-05
2331,2.8476530492565332e-05
2332,4.7418856882279175e-05
2333,6.47620935109497e-05
2334,6.777668776262e-05
2335,7.214649733765249e-05
2336,0.00011596188745208869
2337,0.00017834362331545637
2338,0.00017853604133389423
2339,0.00011776003111662194
2340,6.240660344625901e-05
2341,2.9439730340275325e-05
2342,2.5815812363551776e-05
2343,7.40939144437493e-05
2344,0.00013424069328081217
2345,0.0001326112098073461
2346,9.43251199543766e-05
2347,7.654617971945516e-05
2348,8.318632260902222e-05
2349,9.112918259140309e-05
2350,9.512412128117386e-05
2351,9.704277533602113e-05
2352,9.74071601640163e-05
2353,9.481391064104398e-05
2354,8.365466208680903e-05
2355,7.238756341442422e-05
2356,8.028564815875758e-05
2357,0.00010738592326921204
2358,0.00012378808721637006
2359,0.00012403855224295954
2360,0.00012152823995910205
2361,0.00012029797404813649
2362,0.00011024182248142917
2363,7.87180845137295e-05
2364,4.080301537380721e-05
2365,1.1043147743510133e-05
2366,5.9954360818625e-06
2367,1.1131615641770728e-05
2368,7.167041221929297e-05
2369,0.0001221364765767065
2370,0.00015224027103169662
2371,0.0001612807018720737
2372,0.0001414332226428015
2373,0.00010571993110392372
2374,4.802319803152542e-05
2375,1.8053210649832492e-05
2376,4.987440612840331e-06
2377,9.245565751158758e-05
2378,0.00015078440767703286
2379,0.00013683228949453943
2380,0.00010802290028999417
2381,0.00010276451626399756
2382,0.0001076430241808536
2383,0.00012154982357157514
2384,0.00013574357403263655
2385,0.00010670471456410679
2386,4.166891910484947e-05
2387,1.4155597519222868e-05
2388,4.48471683237081e-05
2389,7.290788021710686e-05
2390,5.4277417776767935e-05
2391,3.120965450728344e-05
2392,2.3777712377767435e-05
2393,2.7808027355767952e-05
2394,3.416617910273026e-05
2395,4.198628653568396e-05
2396,4.658502282097656e-05
2397,4.5603568627355444e-05
2398,5.2569413438197805e-05
2399,9.474370161830889e-05
2400,0.00011353507860914227
2401,7.774380975888484e-05
2402,2.27852059250835e-05
2403,3.458143150010059e-05
2404,8.336327199438652e-05
2405,0.00011559086673904148
2406,0.0001215603096288417
2407,0.00010758497717270197
2408,6.339358376941153e-05
2409,3.4119750555437696e-05
2410,3.760707801083371e-05
2411,5.507030412416569e-05
2412,6.432528014917814e-05
2413,6.777281494233364e-05
2414,6.819966315249119e-05
2415,6.5629650551237e-05
2416,5.988634865885935e-05
2417,4.90859361550163e-05
2418,4.8270922641421065e-05
2419,6.682839034618733e-05
2420,8.187420656639064e-05
2421,6.135050120782019e-05
2422,3.158676755165832e-05
2423,2.0875373294221817e-05
2424,2.648209598930785e-05
2425,2.0458463057992066e-05
2426,3.818544182166796e-06
2427,4.882380737142403e-07
2428,0.0
2429,0.0
